bubble sort

vetor = [6, 3, 9, 1, 5, 2, 7, 4, 8]
i = 6   j = 3

3,6,9,1,5,2,7,4,8
i = 6   j = 9

3,6,9,1,5,2,7,4,8
i = 9   j = 1

3,6,1,9,5,2,7,4,8
i = 9   j=5

3,6,1,5,9,2,7,4,8
i = 9   j = 2

3,6,1,5,2,9,7,4,8
i = 9   j = 7

3,6,1,5,2,7,9,4,8
i = 9   j = 4

3,6,1,5,2,7,4,9,8
i = 9   j = 8

3,6,1,5,2,7,4,8,9
i = 3   j = 6

3,6,1,5,2,7,4,8,9
i = 6   j = 1

3,1,6,5,2,7,4,8,9
i = 6   j = 5

3,1,5,6,2,7,4,8,9
i = 6   j = 2

3,1,5,2,6,7,4,8,9
i = 6   j = 7

3,1,5,2,6,7,4,8,9
i = 7   j = 4

3,1,5,2,6,4,7,8,9


